(kicad_pcb (version 20171130) (host pcbnew 5.0.1-33cea8e~66~ubuntu18.04.1)

  (general
    (thickness 1.6)
    (drawings 5)
    (tracks 3)
    (zones 0)
    (modules 105)
    (nets 126)
  )

  (page A4)
  (layers
    (0 F.Cu signal)
    (31 B.Cu signal)
    (32 B.Adhes user)
    (33 F.Adhes user)
    (34 B.Paste user)
    (35 F.Paste user)
    (36 B.SilkS user)
    (37 F.SilkS user)
    (38 B.Mask user)
    (39 F.Mask user)
    (40 Dwgs.User user)
    (41 Cmts.User user)
    (42 Eco1.User user)
    (43 Eco2.User user)
    (44 Edge.Cuts user)
    (45 Margin user)
    (46 B.CrtYd user)
    (47 F.CrtYd user)
    (48 B.Fab user)
    (49 F.Fab user)
  )

  (setup
    (last_trace_width 0.25)
    (trace_clearance 0.2)
    (zone_clearance 0.508)
    (zone_45_only no)
    (trace_min 0.2)
    (segment_width 0.2)
    (edge_width 0.15)
    (via_size 0.8)
    (via_drill 0.4)
    (via_min_size 0.4)
    (via_min_drill 0.3)
    (uvia_size 0.3)
    (uvia_drill 0.1)
    (uvias_allowed no)
    (uvia_min_size 0.2)
    (uvia_min_drill 0.1)
    (pcb_text_width 0.3)
    (pcb_text_size 1.5 1.5)
    (mod_edge_width 0.15)
    (mod_text_size 1 1)
    (mod_text_width 0.15)
    (pad_size 1.524 1.524)
    (pad_drill 0.762)
    (pad_to_mask_clearance 0.2)
    (solder_mask_min_width 0.25)
    (aux_axis_origin 0 0)
    (visible_elements FFFFFF7F)
    (pcbplotparams
      (layerselection 0x010fc_ffffffff)
      (usegerberextensions false)
      (usegerberattributes false)
      (usegerberadvancedattributes false)
      (creategerberjobfile false)
      (excludeedgelayer true)
      (linewidth 0.100000)
      (plotframeref false)
      (viasonmask false)
      (mode 1)
      (useauxorigin false)
      (hpglpennumber 1)
      (hpglpenspeed 20)
      (hpglpendiameter 15.000000)
      (psnegative false)
      (psa4output false)
      (plotreference true)
      (plotvalue true)
      (plotinvisibletext false)
      (padsonsilk false)
      (subtractmaskfromsilk false)
      (outputformat 1)
      (mirror false)
      (drillshape 1)
      (scaleselection 1)
      (outputdirectory ""))
  )

  (net 0 "")
  (net 1 GND)
  (net 2 +3V3)
  (net 3 +5V)
  (net 4 "Net-(D1-Pad2)")
  (net 5 "Net-(D2-Pad2)")
  (net 6 "Net-(D3-Pad2)")
  (net 7 "Net-(JP1-Pad2)")
  (net 8 "Net-(JP2-Pad2)")
  (net 9 "Net-(JP3-Pad2)")
  (net 10 "Net-(JP4-Pad2)")
  (net 11 "Net-(JP7-Pad2)")
  (net 12 /stm32/NRST)
  (net 13 AVDD)
  (net 14 "Net-(FB1-Pad1)")
  (net 15 /ublox-gps/GPS_ANT)
  (net 16 "Net-(L2-Pad2)")
  (net 17 /SIM800C/BT_ANT)
  (net 18 /SIM800C/GSM_ANT)
  (net 19 /SIM800C/DP-)
  (net 20 /SIM800C/DP+)
  (net 21 /SIM800C/USB_VBUS)
  (net 22 /SIM800C/SIMVCC)
  (net 23 "Net-(U3-Pad4)")
  (net 24 "Net-(R8-Pad1)")
  (net 25 "Net-(R10-Pad1)")
  (net 26 "Net-(R9-Pad1)")
  (net 27 /SIM800C/STXD)
  (net 28 /SIM800C/SRXD)
  (net 29 /SIM800C/RTS)
  (net 30 /SIM800C/CTS)
  (net 31 /SIM800C/DCD)
  (net 32 /SIM800C/DTR)
  (net 33 /SIM800C/RI)
  (net 34 /SIM800C/MICP)
  (net 35 /SIM800C/MICN)
  (net 36 /SIM800C/SPKP)
  (net 37 /SIM800C/SPKN)
  (net 38 "Net-(U5-Pad14)")
  (net 39 /SIM800C/SIMDATA)
  (net 40 /SIM800C/SIMCLK)
  (net 41 /SIM800C/SIMRST)
  (net 42 /SIM800C/TXD2)
  (net 43 /SIM800C/RXD2)
  (net 44 /SIM800C/DN-)
  (net 45 /SIM800C/USB_GND)
  (net 46 /SIM800C/VRTC)
  (net 47 /SIM800C/RF_SYNC)
  (net 48 VDD_SIM800C)
  (net 49 /SIM800C/ADC)
  (net 50 /SIM800C/POWERKEY)
  (net 51 /SIM800C/VDD_EXT)
  (net 52 /SIM800C/NET)
  (net 53 /SIM800C/STA)
  (net 54 "Net-(C16-Pad2)")
  (net 55 "Net-(D12-Pad2)")
  (net 56 "Net-(R13-Pad2)")
  (net 57 "Net-(D9-Pad2)")
  (net 58 /ublox-gps/PULSE)
  (net 59 "Net-(D8-Pad2)")
  (net 60 "Net-(R18-Pad1)")
  (net 61 "Net-(D10-Pad1)")
  (net 62 "Net-(D11-Pad1)")
  (net 63 "Net-(BT1-Pad1)")
  (net 64 "Net-(D5-Pad2)")
  (net 65 /stm32/BOOT0)
  (net 66 "Net-(D4-Pad2)")
  (net 67 VDD_STM32)
  (net 68 "Net-(D6-Pad2)")
  (net 69 "Net-(U8-Pad1)")
  (net 70 "Net-(U8-Pad2)")
  (net 71 "Net-(U8-Pad4)")
  (net 72 "Net-(U8-Pad5)")
  (net 73 "Net-(U8-Pad6)")
  (net 74 "Net-(U8-Pad14)")
  (net 75 "Net-(U8-Pad15)")
  (net 76 "Net-(U8-Pad16)")
  (net 77 "Net-(U8-Pad17)")
  (net 78 /ublox-gps/GSDA)
  (net 79 /ublox-gps/GSCL)
  (net 80 /ublox-gps/TX)
  (net 81 /ublox-gps/RX)
  (net 82 VIN_GSM)
  (net 83 "Net-(U4-Pad1)")
  (net 84 VIN_GPS)
  (net 85 "Net-(U7-Pad4)")
  (net 86 "Net-(C2-Pad1)")
  (net 87 VIN_STM32)
  (net 88 /stm32/PA0)
  (net 89 /stm32/PA1)
  (net 90 /stm32/PA2)
  (net 91 /stm32/PA3)
  (net 92 /stm32/PA4)
  (net 93 /stm32/PA5)
  (net 94 /stm32/PA6)
  (net 95 /stm32/PA7)
  (net 96 /stm32/PB0)
  (net 97 /stm32/PB1)
  (net 98 "Net-(JP11-Pad1)")
  (net 99 /stm32/PA8)
  (net 100 /stm32/PA9)
  (net 101 /stm32/PA10)
  (net 102 /stm32/PA11)
  (net 103 /stm32/PA12)
  (net 104 /stm32/PA13)
  (net 105 /stm32/PA14)
  (net 106 /stm32/PA15)
  (net 107 /stm32/PB3)
  (net 108 /stm32/PB4)
  (net 109 /stm32/PB5)
  (net 110 /stm32/PB6)
  (net 111 /stm32/PB7)
  (net 112 "Net-(JP12-Pad1)")
  (net 113 "Net-(JP13-Pad1)")
  (net 114 /stm32/PC15)
  (net 115 /stm32/PC14)
  (net 116 "Net-(C3-Pad1)")
  (net 117 "Net-(JP17-Pad1)")
  (net 118 "Net-(C4-Pad1)")
  (net 119 "Net-(J6-Pad8)")
  (net 120 /SIM800C/RXD)
  (net 121 /SIM800C/TXD)
  (net 122 /SIM800C/V_MCU)
  (net 123 VIN)
  (net 124 VDD)
  (net 125 "Net-(J4-Pad4)")

  (net_class Default "This is the default net class."
    (clearance 0.2)
    (trace_width 0.25)
    (via_dia 0.8)
    (via_drill 0.4)
    (uvia_dia 0.3)
    (uvia_drill 0.1)
    (add_net +3V3)
    (add_net +5V)
    (add_net /SIM800C/ADC)
    (add_net /SIM800C/BT_ANT)
    (add_net /SIM800C/CTS)
    (add_net /SIM800C/DCD)
    (add_net /SIM800C/DN-)
    (add_net /SIM800C/DP+)
    (add_net /SIM800C/DP-)
    (add_net /SIM800C/DTR)
    (add_net /SIM800C/GSM_ANT)
    (add_net /SIM800C/MICN)
    (add_net /SIM800C/MICP)
    (add_net /SIM800C/NET)
    (add_net /SIM800C/POWERKEY)
    (add_net /SIM800C/RF_SYNC)
    (add_net /SIM800C/RI)
    (add_net /SIM800C/RTS)
    (add_net /SIM800C/RXD)
    (add_net /SIM800C/RXD2)
    (add_net /SIM800C/SIMCLK)
    (add_net /SIM800C/SIMDATA)
    (add_net /SIM800C/SIMRST)
    (add_net /SIM800C/SIMVCC)
    (add_net /SIM800C/SPKN)
    (add_net /SIM800C/SPKP)
    (add_net /SIM800C/SRXD)
    (add_net /SIM800C/STA)
    (add_net /SIM800C/STXD)
    (add_net /SIM800C/TXD)
    (add_net /SIM800C/TXD2)
    (add_net /SIM800C/USB_GND)
    (add_net /SIM800C/USB_VBUS)
    (add_net /SIM800C/VDD_EXT)
    (add_net /SIM800C/VRTC)
    (add_net /SIM800C/V_MCU)
    (add_net /stm32/BOOT0)
    (add_net /stm32/NRST)
    (add_net /stm32/PA0)
    (add_net /stm32/PA1)
    (add_net /stm32/PA10)
    (add_net /stm32/PA11)
    (add_net /stm32/PA12)
    (add_net /stm32/PA13)
    (add_net /stm32/PA14)
    (add_net /stm32/PA15)
    (add_net /stm32/PA2)
    (add_net /stm32/PA3)
    (add_net /stm32/PA4)
    (add_net /stm32/PA5)
    (add_net /stm32/PA6)
    (add_net /stm32/PA7)
    (add_net /stm32/PA8)
    (add_net /stm32/PA9)
    (add_net /stm32/PB0)
    (add_net /stm32/PB1)
    (add_net /stm32/PB3)
    (add_net /stm32/PB4)
    (add_net /stm32/PB5)
    (add_net /stm32/PB6)
    (add_net /stm32/PB7)
    (add_net /stm32/PC14)
    (add_net /stm32/PC15)
    (add_net /ublox-gps/GPS_ANT)
    (add_net /ublox-gps/GSCL)
    (add_net /ublox-gps/GSDA)
    (add_net /ublox-gps/PULSE)
    (add_net /ublox-gps/RX)
    (add_net /ublox-gps/TX)
    (add_net AVDD)
    (add_net GND)
    (add_net "Net-(BT1-Pad1)")
    (add_net "Net-(C16-Pad2)")
    (add_net "Net-(C2-Pad1)")
    (add_net "Net-(C3-Pad1)")
    (add_net "Net-(C4-Pad1)")
    (add_net "Net-(D1-Pad2)")
    (add_net "Net-(D10-Pad1)")
    (add_net "Net-(D11-Pad1)")
    (add_net "Net-(D12-Pad2)")
    (add_net "Net-(D2-Pad2)")
    (add_net "Net-(D3-Pad2)")
    (add_net "Net-(D4-Pad2)")
    (add_net "Net-(D5-Pad2)")
    (add_net "Net-(D6-Pad2)")
    (add_net "Net-(D8-Pad2)")
    (add_net "Net-(D9-Pad2)")
    (add_net "Net-(FB1-Pad1)")
    (add_net "Net-(J4-Pad4)")
    (add_net "Net-(J6-Pad8)")
    (add_net "Net-(JP1-Pad2)")
    (add_net "Net-(JP11-Pad1)")
    (add_net "Net-(JP12-Pad1)")
    (add_net "Net-(JP13-Pad1)")
    (add_net "Net-(JP17-Pad1)")
    (add_net "Net-(JP2-Pad2)")
    (add_net "Net-(JP3-Pad2)")
    (add_net "Net-(JP4-Pad2)")
    (add_net "Net-(JP7-Pad2)")
    (add_net "Net-(L2-Pad2)")
    (add_net "Net-(R10-Pad1)")
    (add_net "Net-(R13-Pad2)")
    (add_net "Net-(R18-Pad1)")
    (add_net "Net-(R8-Pad1)")
    (add_net "Net-(R9-Pad1)")
    (add_net "Net-(U3-Pad4)")
    (add_net "Net-(U4-Pad1)")
    (add_net "Net-(U5-Pad14)")
    (add_net "Net-(U7-Pad4)")
    (add_net "Net-(U8-Pad1)")
    (add_net "Net-(U8-Pad14)")
    (add_net "Net-(U8-Pad15)")
    (add_net "Net-(U8-Pad16)")
    (add_net "Net-(U8-Pad17)")
    (add_net "Net-(U8-Pad2)")
    (add_net "Net-(U8-Pad4)")
    (add_net "Net-(U8-Pad5)")
    (add_net "Net-(U8-Pad6)")
    (add_net VDD)
    (add_net VDD_SIM800C)
    (add_net VDD_STM32)
    (add_net VIN)
    (add_net VIN_GPS)
    (add_net VIN_GSM)
    (add_net VIN_STM32)
  )

  (module MountingHole:MountingHole_3.2mm_M3_DIN965 (layer F.Cu) (tedit 56D1B4CB) (tstamp 5C420916)
    (at 10 10)
    (descr "Mounting Hole 3.2mm, no annular, M3, DIN965")
    (tags "mounting hole 3.2mm no annular m3 din965")
    (attr virtual)
    (fp_text reference REF** (at 0 -3.8) (layer F.SilkS)
      (effects (font (size 1 1) (thickness 0.15)))
    )
    (fp_text value MountingHole_3.2mm_M3_DIN965 (at 0 3.8) (layer F.Fab)
      (effects (font (size 1 1) (thickness 0.15)))
    )
    (fp_circle (center 0 0) (end 3.05 0) (layer F.CrtYd) (width 0.05))
    (fp_circle (center 0 0) (end 2.8 0) (layer Cmts.User) (width 0.15))
    (fp_text user %R (at 0.3 0) (layer F.Fab)
      (effects (font (size 1 1) (thickness 0.15)))
    )
    (pad 1 np_thru_hole circle (at 0 0) (size 3.2 3.2) (drill 3.2) (layers *.Cu *.Mask))
  )

  (module MountingHole:MountingHole_3.2mm_M3_DIN965 (layer F.Cu) (tedit 56D1B4CB) (tstamp 5C4209BF)
    (at 90 10)
    (descr "Mounting Hole 3.2mm, no annular, M3, DIN965")
    (tags "mounting hole 3.2mm no annular m3 din965")
    (attr virtual)
    (fp_text reference REF** (at 0 -3.8) (layer F.SilkS)
      (effects (font (size 1 1) (thickness 0.15)))
    )
    (fp_text value MountingHole_3.2mm_M3_DIN965 (at 0 3.8) (layer F.Fab)
      (effects (font (size 1 1) (thickness 0.15)))
    )
    (fp_circle (center 0 0) (end 3.05 0) (layer F.CrtYd) (width 0.05))
    (fp_circle (center 0 0) (end 2.8 0) (layer Cmts.User) (width 0.15))
    (fp_text user %R (at 0.3 0) (layer F.Fab)
      (effects (font (size 1 1) (thickness 0.15)))
    )
    (pad 1 np_thru_hole circle (at 0 0) (size 3.2 3.2) (drill 3.2) (layers *.Cu *.Mask))
  )

  (module MountingHole:MountingHole_3.2mm_M3_DIN965 (layer F.Cu) (tedit 56D1B4CB) (tstamp 5C420A66)
    (at 10 90)
    (descr "Mounting Hole 3.2mm, no annular, M3, DIN965")
    (tags "mounting hole 3.2mm no annular m3 din965")
    (attr virtual)
    (fp_text reference REF** (at 0 -3.8) (layer F.SilkS)
      (effects (font (size 1 1) (thickness 0.15)))
    )
    (fp_text value MountingHole_3.2mm_M3_DIN965 (at 0 3.8) (layer F.Fab)
      (effects (font (size 1 1) (thickness 0.15)))
    )
    (fp_circle (center 0 0) (end 3.05 0) (layer F.CrtYd) (width 0.05))
    (fp_circle (center 0 0) (end 2.8 0) (layer Cmts.User) (width 0.15))
    (fp_text user %R (at 0.3 0) (layer F.Fab)
      (effects (font (size 1 1) (thickness 0.15)))
    )
    (pad 1 np_thru_hole circle (at 0 0) (size 3.2 3.2) (drill 3.2) (layers *.Cu *.Mask))
  )

  (module MountingHole:MountingHole_3.2mm_M3_DIN965 (layer F.Cu) (tedit 56D1B4CB) (tstamp 5C420B0D)
    (at 90 90)
    (descr "Mounting Hole 3.2mm, no annular, M3, DIN965")
    (tags "mounting hole 3.2mm no annular m3 din965")
    (attr virtual)
    (fp_text reference REF** (at 0 -3.8) (layer F.SilkS)
      (effects (font (size 1 1) (thickness 0.15)))
    )
    (fp_text value MountingHole_3.2mm_M3_DIN965 (at 0 3.8) (layer F.Fab)
      (effects (font (size 1 1) (thickness 0.15)))
    )
    (fp_circle (center 0 0) (end 3.05 0) (layer F.CrtYd) (width 0.05))
    (fp_circle (center 0 0) (end 2.8 0) (layer Cmts.User) (width 0.15))
    (fp_text user %R (at 0.3 0) (layer F.Fab)
      (effects (font (size 1 1) (thickness 0.15)))
    )
    (pad 1 np_thru_hole circle (at 0 0) (size 3.2 3.2) (drill 3.2) (layers *.Cu *.Mask))
  )

  (module Battery:BatteryHolder_Seiko_MS621F (layer F.Cu) (tedit 5B2564A8) (tstamp 5C40B13B)
    (at 147.430656 63.444456)
    (descr "Seiko MS621F, https://www.sii.co.jp/en/me/files/2014/02/file_EXTENDED_PRDCT_SPEC_75_FILE_11.jpg")
    (tags "Seiko MS621F")
    (path /5BC0E426/5BBB1062)
    (attr smd)
    (fp_text reference BT1 (at -4.6 -4.4) (layer F.SilkS)
      (effects (font (size 1 1) (thickness 0.15)))
    )
    (fp_text value MS621F (at -4.6 4.5) (layer F.Fab)
      (effects (font (size 1 1) (thickness 0.15)))
    )
    (fp_text user %R (at 0 0) (layer F.Fab)
      (effects (font (size 1 1) (thickness 0.15)))
    )
    (fp_line (start 1.2 1.3) (end -1.2 1.3) (layer F.CrtYd) (width 0.05))
    (fp_line (start 1.2 -1.3) (end 1.2 1.3) (layer F.CrtYd) (width 0.05))
    (fp_line (start -1.2 -1.3) (end 1.2 -1.3) (layer F.CrtYd) (width 0.05))
    (fp_arc (start -4.6 0) (end -1.2 1.3) (angle 318.1509965) (layer F.CrtYd) (width 0.05))
    (fp_arc (start -4.6 0) (end -1.3 1.2) (angle 320) (layer F.SilkS) (width 0.12))
    (fp_line (start 0.9 1) (end -1.3 1) (layer F.Fab) (width 0.1))
    (fp_line (start 0.9 0.5) (end 0.9 1) (layer F.Fab) (width 0.1))
    (fp_line (start -1.2 0.5) (end 0.9 0.5) (layer F.Fab) (width 0.1))
    (fp_line (start 0.9 -0.5) (end -1.2 -0.5) (layer F.Fab) (width 0.1))
    (fp_line (start 0.9 -1) (end 0.9 -0.5) (layer F.Fab) (width 0.1))
    (fp_line (start -1.3 -1) (end 0.9 -1) (layer F.Fab) (width 0.1))
    (fp_circle (center -4.6 0) (end -4.6 3.4) (layer F.Fab) (width 0.1))
    (pad 1 smd rect (at 0 -0.75) (size 2 0.8) (layers F.Cu F.Paste F.Mask)
      (net 63 "Net-(BT1-Pad1)"))
    (pad 2 smd rect (at 0 0.75) (size 2 0.8) (layers F.Cu F.Paste F.Mask)
      (net 1 GND))
    (model ${KISYS3DMOD}/Battery.3dshapes/BatteryHolder_Seiko_MS621F.wrl
      (at (xyz 0 0 0))
      (scale (xyz 1 1 1))
      (rotate (xyz 0 0 0))
    )
  )

  (module Capacitor_SMD:CP_Elec_3x5.4 (layer F.Cu) (tedit 5A841F9D) (tstamp 5C40AED3)
    (at 194.310601 17.444401)
    (descr "SMT capacitor, aluminium electrolytic, 3x5.4, Nichicon ")
    (tags "Capacitor Electrolytic")
    (path /5BB772CE/5BB7B155)
    (attr smd)
    (fp_text reference C1 (at 0 -2.7) (layer F.SilkS)
      (effects (font (size 1 1) (thickness 0.15)))
    )
    (fp_text value 56u (at 0 2.7) (layer F.Fab)
      (effects (font (size 1 1) (thickness 0.15)))
    )
    (fp_text user %R (at 0 0) (layer F.Fab)
      (effects (font (size 0.6 0.6) (thickness 0.09)))
    )
    (fp_line (start -2.85 1.05) (end -1.78 1.05) (layer F.CrtYd) (width 0.05))
    (fp_line (start -2.85 -1.05) (end -2.85 1.05) (layer F.CrtYd) (width 0.05))
    (fp_line (start -1.78 -1.05) (end -2.85 -1.05) (layer F.CrtYd) (width 0.05))
    (fp_line (start -1.78 -1.05) (end -0.93 -1.9) (layer F.CrtYd) (width 0.05))
    (fp_line (start -1.78 1.05) (end -0.93 1.9) (layer F.CrtYd) (width 0.05))
    (fp_line (start -0.93 -1.9) (end 1.9 -1.9) (layer F.CrtYd) (width 0.05))
    (fp_line (start -0.93 1.9) (end 1.9 1.9) (layer F.CrtYd) (width 0.05))
    (fp_line (start 1.9 1.05) (end 1.9 1.9) (layer F.CrtYd) (width 0.05))
    (fp_line (start 2.85 1.05) (end 1.9 1.05) (layer F.CrtYd) (width 0.05))
    (fp_line (start 2.85 -1.05) (end 2.85 1.05) (layer F.CrtYd) (width 0.05))
    (fp_line (start 1.9 -1.05) (end 2.85 -1.05) (layer F.CrtYd) (width 0.05))
    (fp_line (start 1.9 -1.9) (end 1.9 -1.05) (layer F.CrtYd) (width 0.05))
    (fp_line (start -2.1875 -1.6225) (end -2.1875 -1.2475) (layer F.SilkS) (width 0.12))
    (fp_line (start -2.375 -1.435) (end -2 -1.435) (layer F.SilkS) (width 0.12))
    (fp_line (start -1.570563 1.06) (end -0.870563 1.76) (layer F.SilkS) (width 0.12))
    (fp_line (start -1.570563 -1.06) (end -0.870563 -1.76) (layer F.SilkS) (width 0.12))
    (fp_line (start -0.870563 1.76) (end 1.76 1.76) (layer F.SilkS) (width 0.12))
    (fp_line (start -0.870563 -1.76) (end 1.76 -1.76) (layer F.SilkS) (width 0.12))
    (fp_line (start 1.76 -1.76) (end 1.76 -1.06) (layer F.SilkS) (width 0.12))
    (fp_line (start 1.76 1.76) (end 1.76 1.06) (layer F.SilkS) (width 0.12))
    (fp_line (start -0.960469 -0.95) (end -0.960469 -0.65) (layer F.Fab) (width 0.1))
    (fp_line (start -1.110469 -0.8) (end -0.810469 -0.8) (layer F.Fab) (width 0.1))
    (fp_line (start -1.65 0.825) (end -0.825 1.65) (layer F.Fab) (width 0.1))
    (fp_line (start -1.65 -0.825) (end -0.825 -1.65) (layer F.Fab) (width 0.1))
    (fp_line (start -1.65 -0.825) (end -1.65 0.825) (layer F.Fab) (width 0.1))
    (fp_line (start -0.825 1.65) (end 1.65 1.65) (layer F.Fab) (width 0.1))
    (fp_line (start -0.825 -1.65) (end 1.65 -1.65) (layer F.Fab) (width 0.1))
    (fp_line (start 1.65 -1.65) (end 1.65 1.65) (layer F.Fab) (width 0.1))
    (fp_circle (center 0 0) (end 1.5 0) (layer F.Fab) (width 0.1))
    (pad 2 smd rect (at 1.5 0) (size 2.2 1.6) (layers F.Cu F.Paste F.Mask)
      (net 1 GND))
    (pad 1 smd rect (at -1.5 0) (size 2.2 1.6) (layers F.Cu F.Paste F.Mask)
      (net 87 VIN_STM32))
    (model ${KISYS3DMOD}/Capacitor_SMD.3dshapes/CP_Elec_3x5.4.wrl
      (at (xyz 0 0 0))
      (scale (xyz 1 1 1))
      (rotate (xyz 0 0 0))
    )
  )

  (module Capacitor_SMD:CP_Elec_3x5.4 (layer F.Cu) (tedit 5A841F9D) (tstamp 5C40B73D)
    (at 194.310601 21.294401)
    (descr "SMT capacitor, aluminium electrolytic, 3x5.4, Nichicon ")
    (tags "Capacitor Electrolytic")
    (path /5BB772CE/5BB7B15C)
    (attr smd)
    (fp_text reference C2 (at 0 -2.7) (layer F.SilkS)
      (effects (font (size 1 1) (thickness 0.15)))
    )
    (fp_text value 10u (at 0 2.7) (layer F.Fab)
      (effects (font (size 1 1) (thickness 0.15)))
    )
    (fp_circle (center 0 0) (end 1.5 0) (layer F.Fab) (width 0.1))
    (fp_line (start 1.65 -1.65) (end 1.65 1.65) (layer F.Fab) (width 0.1))
    (fp_line (start -0.825 -1.65) (end 1.65 -1.65) (layer F.Fab) (width 0.1))
    (fp_line (start -0.825 1.65) (end 1.65 1.65) (layer F.Fab) (width 0.1))
    (fp_line (start -1.65 -0.825) (end -1.65 0.825) (layer F.Fab) (width 0.1))
    (fp_line (start -1.65 -0.825) (end -0.825 -1.65) (layer F.Fab) (width 0.1))
    (fp_line (start -1.65 0.825) (end -0.825 1.65) (layer F.Fab) (width 0.1))
    (fp_line (start -1.110469 -0.8) (end -0.810469 -0.8) (layer F.Fab) (width 0.1))
    (fp_line (start -0.960469 -0.95) (end -0.960469 -0.65) (layer F.Fab) (width 0.1))
    (fp_line (start 1.76 1.76) (end 1.76 1.06) (layer F.SilkS) (width 0.12))
    (fp_line (start 1.76 -1.76) (end 1.76 -1.06) (layer F.SilkS) (width 0.12))
    (fp_line (start -0.870563 -1.76) (end 1.76 -1.76) (layer F.SilkS) (width 0.12))
    (fp_line (start -0.870563 1.76) (end 1.76 1.76) (layer F.SilkS) (width 0.12))
    (fp_line (start -1.570563 -1.06) (end -0.870563 -1.76) (layer F.SilkS) (width 0.12))
    (fp_line (start -1.570563 1.06) (end -0.870563 1.76) (layer F.SilkS) (width 0.12))
    (fp_line (start -2.375 -1.435) (end -2 -1.435) (layer F.SilkS) (width 0.12))
    (fp_line (start -2.1875 -1.6225) (end -2.1875 -1.2475) (layer F.SilkS) (width 0.12))
    (fp_line (start 1.9 -1.9) (end 1.9 -1.05) (layer F.CrtYd) (width 0.05))
    (fp_line (start 1.9 -1.05) (end 2.85 -1.05) (layer F.CrtYd) (width 0.05))
    (fp_line (start 2.85 -1.05) (end 2.85 1.05) (layer F.CrtYd) (width 0.05))
    (fp_line (start 2.85 1.05) (end 1.9 1.05) (layer F.CrtYd) (width 0.05))
    (fp_line (start 1.9 1.05) (end 1.9 1.9) (layer F.CrtYd) (width 0.05))
    (fp_line (start -0.93 1.9) (end 1.9 1.9) (layer F.CrtYd) (width 0.05))
    (fp_line (start -0.93 -1.9) (end 1.9 -1.9) (layer F.CrtYd) (width 0.05))
    (fp_line (start -1.78 1.05) (end -0.93 1.9) (layer F.CrtYd) (width 0.05))
    (fp_line (start -1.78 -1.05) (end -0.93 -1.9) (layer F.CrtYd) (width 0.05))
    (fp_line (start -1.78 -1.05) (end -2.85 -1.05) (layer F.CrtYd) (width 0.05))
    (fp_line (start -2.85 -1.05) (end -2.85 1.05) (layer F.CrtYd) (width 0.05))
    (fp_line (start -2.85 1.05) (end -1.78 1.05) (layer F.CrtYd) (width 0.05))
    (fp_text user %R (at 0 0) (layer F.Fab)
      (effects (font (size 0.6 0.6) (thickness 0.09)))
    )
    (pad 1 smd rect (at -1.5 0) (size 2.2 1.6) (layers F.Cu F.Paste F.Mask)
      (net 86 "Net-(C2-Pad1)"))
    (pad 2 smd rect (at 1.5 0) (size 2.2 1.6) (layers F.Cu F.Paste F.Mask)
      (net 1 GND))
    (model ${KISYS3DMOD}/Capacitor_SMD.3dshapes/CP_Elec_3x5.4.wrl
      (at (xyz 0 0 0))
      (scale (xyz 1 1 1))
      (rotate (xyz 0 0 0))
    )
  )

  (module Capacitor_SMD:CP_Elec_6.3x7.7 (layer F.Cu) (tedit 5A841F9D) (tstamp 5C40AC76)
    (at 129.540601 39.744401)
    (descr "SMT capacitor, aluminium electrolytic, 6.3x7.7, Nichicon ")
    (tags "Capacitor Electrolytic")
    (path /5BB83F82/5BC6DDF2)
    (attr smd)
    (fp_text reference C16 (at 0 -4.35) (layer F.SilkS)
      (effects (font (size 1 1) (thickness 0.15)))
    )
    (fp_text value CP220uf,16V (at 0 4.35) (layer F.Fab)
      (effects (font (size 1 1) (thickness 0.15)))
    )
    (fp_circle (center 0 0) (end 3.15 0) (layer F.Fab) (width 0.1))
    (fp_line (start 3.3 -3.3) (end 3.3 3.3) (layer F.Fab) (width 0.1))
    (fp_line (start -2.3 -3.3) (end 3.3 -3.3) (layer F.Fab) (width 0.1))
    (fp_line (start -2.3 3.3) (end 3.3 3.3) (layer F.Fab) (width 0.1))
    (fp_line (start -3.3 -2.3) (end -3.3 2.3) (layer F.Fab) (width 0.1))
    (fp_line (start -3.3 -2.3) (end -2.3 -3.3) (layer F.Fab) (width 0.1))
    (fp_line (start -3.3 2.3) (end -2.3 3.3) (layer F.Fab) (width 0.1))
    (fp_line (start -2.704838 -1.33) (end -2.074838 -1.33) (layer F.Fab) (width 0.1))
    (fp_line (start -2.389838 -1.645) (end -2.389838 -1.015) (layer F.Fab) (width 0.1))
    (fp_line (start 3.41 3.41) (end 3.41 1.06) (layer F.SilkS) (width 0.12))
    (fp_line (start 3.41 -3.41) (end 3.41 -1.06) (layer F.SilkS) (width 0.12))
    (fp_line (start -2.345563 -3.41) (end 3.41 -3.41) (layer F.SilkS) (width 0.12))
    (fp_line (start -2.345563 3.41) (end 3.41 3.41) (layer F.SilkS) (width 0.12))
    (fp_line (start -3.41 2.345563) (end -3.41 1.06) (layer F.SilkS) (width 0.12))
    (fp_line (start -3.41 -2.345563) (end -3.41 -1.06) (layer F.SilkS) (width 0.12))
    (fp_line (start -3.41 -2.345563) (end -2.345563 -3.41) (layer F.SilkS) (width 0.12))
    (fp_line (start -3.41 2.345563) (end -2.345563 3.41) (layer F.SilkS) (width 0.12))
    (fp_line (start -4.4375 -1.8475) (end -3.65 -1.8475) (layer F.SilkS) (width 0.12))
    (fp_line (start -4.04375 -2.24125) (end -4.04375 -1.45375) (layer F.SilkS) (width 0.12))
    (fp_line (start 3.55 -3.55) (end 3.55 -1.05) (layer F.CrtYd) (width 0.05))
    (fp_line (start 3.55 -1.05) (end 4.7 -1.05) (layer F.CrtYd) (width 0.05))
    (fp_line (start 4.7 -1.05) (end 4.7 1.05) (layer F.CrtYd) (width 0.05))
    (fp_line (start 4.7 1.05) (end 3.55 1.05) (layer F.CrtYd) (width 0.05))
    (fp_line (start 3.55 1.05) (end 3.55 3.55) (layer F.CrtYd) (width 0.05))
    (fp_line (start -2.4 3.55) (end 3.55 3.55) (layer F.CrtYd) (width 0.05))
    (fp_line (start -2.4 -3.55) (end 3.55 -3.55) (layer F.CrtYd) (width 0.05))
    (fp_line (start -3.55 2.4) (end -2.4 3.55) (layer F.CrtYd) (width 0.05))
    (fp_line (start -3.55 -2.4) (end -2.4 -3.55) (layer F.CrtYd) (width 0.05))
    (fp_line (start -3.55 -2.4) (end -3.55 -1.05) (layer F.CrtYd) (width 0.05))
    (fp_line (start -3.55 1.05) (end -3.55 2.4) (layer F.CrtYd) (width 0.05))
    (fp_line (start -3.55 -1.05) (end -4.7 -1.05) (layer F.CrtYd) (width 0.05))
    (fp_line (start -4.7 -1.05) (end -4.7 1.05) (layer F.CrtYd) (width 0.05))
    (fp_line (start -4.7 1.05) (end -3.55 1.05) (layer F.CrtYd) (width 0.05))
    (fp_text user %R (at 0 0) (layer F.Fab)
      (effects (font (size 1 1) (thickness 0.15)))
    )
    (pad 1 smd rect (at -2.7 0) (size 3.5 1.6) (layers F.Cu F.Paste F.Mask)
      (net 48 VDD_SIM800C))
    (pad 2 smd rect (at 2.7 0) (size 3.5 1.6) (layers F.Cu F.Paste F.Mask)
      (net 54 "Net-(C16-Pad2)"))
    (model ${KISYS3DMOD}/Capacitor_SMD.3dshapes/CP_Elec_6.3x7.7.wrl
      (at (xyz 0 0 0))
      (scale (xyz 1 1 1))
      (rotate (xyz 0 0 0))
    )
  )

  (module Capacitor_SMD:C_0603_1608Metric_Pad1.05x0.95mm_HandSolder (layer F.Cu) (tedit 5B301BBE) (tstamp 5C40A214)
    (at 178.264801 31.123401)
    (descr "Capacitor SMD 0603 (1608 Metric), square (rectangular) end terminal, IPC_7351 nominal with elongated pad for handsoldering. (Body size source: http://www.tortai-tech.com/upload/download/2011102023233369053.pdf), generated with kicad-footprint-generator")
    (tags "capacitor handsolder")
    (path /5BC0E426/5BC47D54)
    (attr smd)
    (fp_text reference C22 (at 0 -1.43) (layer F.SilkS)
      (effects (font (size 1 1) (thickness 0.15)))
    )
    (fp_text value C104 (at 0 1.43) (layer F.Fab)
      (effects (font (size 1 1) (thickness 0.15)))
    )
    (fp_text user %R (at 0 0) (layer F.Fab)
      (effects (font (size 0.4 0.4) (thickness 0.06)))
    )
    (fp_line (start 1.65 0.73) (end -1.65 0.73) (layer F.CrtYd) (width 0.05))
    (fp_line (start 1.65 -0.73) (end 1.65 0.73) (layer F.CrtYd) (width 0.05))
    (fp_line (start -1.65 -0.73) (end 1.65 -0.73) (layer F.CrtYd) (width 0.05))
    (fp_line (start -1.65 0.73) (end -1.65 -0.73) (layer F.CrtYd) (width 0.05))
    (fp_line (start -0.171267 0.51) (end 0.171267 0.51) (layer F.SilkS) (width 0.12))
    (fp_line (start -0.171267 -0.51) (end 0.171267 -0.51) (layer F.SilkS) (width 0.12))
    (fp_line (start 0.8 0.4) (end -0.8 0.4) (layer F.Fab) (width 0.1))
    (fp_line (start 0.8 -0.4) (end 0.8 0.4) (layer F.Fab) (width 0.1))
    (fp_line (start -0.8 -0.4) (end 0.8 -0.4) (layer F.Fab) (width 0.1))
    (fp_line (start -0.8 0.4) (end -0.8 -0.4) (layer F.Fab) (width 0.1))
    (pad 2 smd roundrect (at 0.875 0) (size 1.05 0.95) (layers F.Cu F.Paste F.Mask) (roundrect_rratio 0.25)
      (net 1 GND))
    (pad 1 smd roundrect (at -0.875 0) (size 1.05 0.95) (layers F.Cu F.Paste F.Mask) (roundrect_rratio 0.25)
      (net 2 +3V3))
    (model ${KISYS3DMOD}/Capacitor_SMD.3dshapes/C_0603_1608Metric.wrl
      (at (xyz 0 0 0))
      (scale (xyz 1 1 1))
      (rotate (xyz 0 0 0))
    )
  )

  (module Capacitor_SMD:C_0603_1608Metric_Pad1.05x0.95mm_HandSolder (layer F.Cu) (tedit 5B301BBE) (tstamp 5C40B316)
    (at 150.330601 60.924401)
    (descr "Capacitor SMD 0603 (1608 Metric), square (rectangular) end terminal, IPC_7351 nominal with elongated pad for handsoldering. (Body size source: http://www.tortai-tech.com/upload/download/2011102023233369053.pdf), generated with kicad-footprint-generator")
    (tags "capacitor handsolder")
    (path /5BC0E426/5BC47C20)
    (attr smd)
    (fp_text reference C21 (at 0 -1.43) (layer F.SilkS)
      (effects (font (size 1 1) (thickness 0.15)))
    )
    (fp_text value C104 (at 0 1.43) (layer F.Fab)
      (effects (font (size 1 1) (thickness 0.15)))
    )
    (fp_line (start -0.8 0.4) (end -0.8 -0.4) (layer F.Fab) (width 0.1))
    (fp_line (start -0.8 -0.4) (end 0.8 -0.4) (layer F.Fab) (width 0.1))
    (fp_line (start 0.8 -0.4) (end 0.8 0.4) (layer F.Fab) (width 0.1))
    (fp_line (start 0.8 0.4) (end -0.8 0.4) (layer F.Fab) (width 0.1))
    (fp_line (start -0.171267 -0.51) (end 0.171267 -0.51) (layer F.SilkS) (width 0.12))
    (fp_line (start -0.171267 0.51) (end 0.171267 0.51) (layer F.SilkS) (width 0.12))
    (fp_line (start -1.65 0.73) (end -1.65 -0.73) (layer F.CrtYd) (width 0.05))
    (fp_line (start -1.65 -0.73) (end 1.65 -0.73) (layer F.CrtYd) (width 0.05))
    (fp_line (start 1.65 -0.73) (end 1.65 0.73) (layer F.CrtYd) (width 0.05))
    (fp_line (start 1.65 0.73) (end -1.65 0.73) (layer F.CrtYd) (width 0.05))
    (fp_text user %R (at 0 0) (layer F.Fab)
      (effects (font (size 0.4 0.4) (thickness 0.06)))
    )
    (pad 1 smd roundrect (at -0.875 0) (size 1.05 0.95) (layers F.Cu F.Paste F.Mask) (roundrect_rratio 0.25)
      (net 2 +3V3))
    (pad 2 smd roundrect (at 0.875 0) (size 1.05 0.95) (layers F.Cu F.Paste F.Mask) (roundrect_rratio 0.25)
      (net 1 GND))
    (model ${KISYS3DMOD}/Capacitor_SMD.3dshapes/C_0603_1608Metric.wrl
      (at (xyz 0 0 0))
      (scale (xyz 1 1 1))
      (rotate (xyz 0 0 0))
    )
  )

  (module Capacitor_SMD:C_0603_1608Metric_Pad1.05x0.95mm_HandSolder (layer F.Cu) (tedit 5B301BBE) (tstamp 5C40AB0F)
    (at 144.490601 58.814401)
    (descr "Capacitor SMD 0603 (1608 Metric), square (rectangular) end terminal, IPC_7351 nominal with elongated pad for handsoldering. (Body size source: http://www.tortai-tech.com/upload/download/2011102023233369053.pdf), generated with kicad-footprint-generator")
    (tags "capacitor handsolder")
    (path /5BC0E426/5BC47AA7)
    (attr smd)
    (fp_text reference C20 (at 0 -1.43) (layer F.SilkS)
      (effects (font (size 1 1) (thickness 0.15)))
    )
    (fp_text value C106 (at 0 1.43) (layer F.Fab)
      (effects (font (size 1 1) (thickness 0.15)))
    )
    (fp_text user %R (at 0 0) (layer F.Fab)
      (effects (font (size 0.4 0.4) (thickness 0.06)))
    )
    (fp_line (start 1.65 0.73) (end -1.65 0.73) (layer F.CrtYd) (width 0.05))
    (fp_line (start 1.65 -0.73) (end 1.65 0.73) (layer F.CrtYd) (width 0.05))
    (fp_line (start -1.65 -0.73) (end 1.65 -0.73) (layer F.CrtYd) (width 0.05))
    (fp_line (start -1.65 0.73) (end -1.65 -0.73) (layer F.CrtYd) (width 0.05))
    (fp_line (start -0.171267 0.51) (end 0.171267 0.51) (layer F.SilkS) (width 0.12))
    (fp_line (start -0.171267 -0.51) (end 0.171267 -0.51) (layer F.SilkS) (width 0.12))
    (fp_line (start 0.8 0.4) (end -0.8 0.4) (layer F.Fab) (width 0.1))
    (fp_line (start 0.8 -0.4) (end 0.8 0.4) (layer F.Fab) (width 0.1))
    (fp_line (start -0.8 -0.4) (end 0.8 -0.4) (layer F.Fab) (width 0.1))
    (fp_line (start -0.8 0.4) (end -0.8 -0.4) (layer F.Fab) (width 0.1))
    (pad 2 smd roundrect (at 0.875 0) (size 1.05 0.95) (layers F.Cu F.Paste F.Mask) (roundrect_rratio 0.25)
      (net 1 GND))
    (pad 1 smd roundrect (at -0.875 0) (size 1.05 0.95) (layers F.Cu F.Paste F.Mask) (roundrect_rratio 0.25)
      (net 2 +3V3))
    (model ${KISYS3DMOD}/Capacitor_SMD.3dshapes/C_0603_1608Metric.wrl
      (at (xyz 0 0 0))
      (scale (xyz 1 1 1))
      (rotate (xyz 0 0 0))
    )
  )

  (module Capacitor_SMD:C_0603_1608Metric_Pad1.05x0.95mm_HandSolder (layer F.Cu) (tedit 5B301BBE) (tstamp 5C40B6C4)
    (at 155.920601 55.324401)
    (descr "Capacitor SMD 0603 (1608 Metric), square (rectangular) end terminal, IPC_7351 nominal with elongated pad for handsoldering. (Body size source: http://www.tortai-tech.com/upload/download/2011102023233369053.pdf), generated with kicad-footprint-generator")
    (tags "capacitor handsolder")
    (path /5BC0E426/5BC4709A)
    (attr smd)
    (fp_text reference C19 (at 0 -1.43) (layer F.SilkS)
      (effects (font (size 1 1) (thickness 0.15)))
    )
    (fp_text value C105 (at 0 1.43) (layer F.Fab)
      (effects (font (size 1 1) (thickness 0.15)))
    )
    (fp_line (start -0.8 0.4) (end -0.8 -0.4) (layer F.Fab) (width 0.1))
    (fp_line (start -0.8 -0.4) (end 0.8 -0.4) (layer F.Fab) (width 0.1))
    (fp_line (start 0.8 -0.4) (end 0.8 0.4) (layer F.Fab) (width 0.1))
    (fp_line (start 0.8 0.4) (end -0.8 0.4) (layer F.Fab) (width 0.1))
    (fp_line (start -0.171267 -0.51) (end 0.171267 -0.51) (layer F.SilkS) (width 0.12))
    (fp_line (start -0.171267 0.51) (end 0.171267 0.51) (layer F.SilkS) (width 0.12))
    (fp_line (start -1.65 0.73) (end -1.65 -0.73) (layer F.CrtYd) (width 0.05))
    (fp_line (start -1.65 -0.73) (end 1.65 -0.73) (layer F.CrtYd) (width 0.05))
    (fp_line (start 1.65 -0.73) (end 1.65 0.73) (layer F.CrtYd) (width 0.05))
    (fp_line (start 1.65 0.73) (end -1.65 0.73) (layer F.CrtYd) (width 0.05))
    (fp_text user %R (at 0 0) (layer F.Fab)
      (effects (font (size 0.4 0.4) (thickness 0.06)))
    )
    (pad 1 smd roundrect (at -0.875 0) (size 1.05 0.95) (layers F.Cu F.Paste F.Mask) (roundrect_rratio 0.25)
      (net 84 VIN_GPS))
    (pad 2 smd roundrect (at 0.875 0) (size 1.05 0.95) (layers F.Cu F.Paste F.Mask) (roundrect_rratio 0.25)
      (net 1 GND))
    (model ${KISYS3DMOD}/Capacitor_SMD.3dshapes/C_0603_1608Metric.wrl
      (at (xyz 0 0 0))
      (scale (xyz 1 1 1))
      (rotate (xyz 0 0 0))
    )
  )

  (module Capacitor_SMD:C_0603_1608Metric_Pad1.05x0.95mm_HandSolder (layer F.Cu) (tedit 5B301BBE) (tstamp 5C40AB6F)
    (at 133.990601 44.504401)
    (descr "Capacitor SMD 0603 (1608 Metric), square (rectangular) end terminal, IPC_7351 nominal with elongated pad for handsoldering. (Body size source: http://www.tortai-tech.com/upload/download/2011102023233369053.pdf), generated with kicad-footprint-generator")
    (tags "capacitor handsolder")
    (path /5BB83F82/5BD4BB4B)
    (attr smd)
    (fp_text reference C18 (at 0 -1.43) (layer F.SilkS)
      (effects (font (size 1 1) (thickness 0.15)))
    )
    (fp_text value C106 (at 0 1.43) (layer F.Fab)
      (effects (font (size 1 1) (thickness 0.15)))
    )
    (fp_text user %R (at 0 0) (layer F.Fab)
      (effects (font (size 0.4 0.4) (thickness 0.06)))
    )
    (fp_line (start 1.65 0.73) (end -1.65 0.73) (layer F.CrtYd) (width 0.05))
    (fp_line (start 1.65 -0.73) (end 1.65 0.73) (layer F.CrtYd) (width 0.05))
    (fp_line (start -1.65 -0.73) (end 1.65 -0.73) (layer F.CrtYd) (width 0.05))
    (fp_line (start -1.65 0.73) (end -1.65 -0.73) (layer F.CrtYd) (width 0.05))
    (fp_line (start -0.171267 0.51) (end 0.171267 0.51) (layer F.SilkS) (width 0.12))
    (fp_line (start -0.171267 -0.51) (end 0.171267 -0.51) (layer F.SilkS) (width 0.12))
    (fp_line (start 0.8 0.4) (end -0.8 0.4) (layer F.Fab) (width 0.1))
    (fp_line (start 0.8 -0.4) (end 0.8 0.4) (layer F.Fab) (width 0.1))
    (fp_line (start -0.8 -0.4) (end 0.8 -0.4) (layer F.Fab) (width 0.1))
    (fp_line (start -0.8 0.4) (end -0.8 -0.4) (layer F.Fab) (width 0.1))
    (pad 2 smd roundrect (at 0.875 0) (size 1.05 0.95) (layers F.Cu F.Paste F.Mask) (roundrect_rratio 0.25)
      (net 46 /SIM800C/VRTC))
    (pad 1 smd roundrect (at -0.875 0) (size 1.05 0.95) (layers F.Cu F.Paste F.Mask) (roundrect_rratio 0.25)
      (net 1 GND))
    (model ${KISYS3DMOD}/Capacitor_SMD.3dshapes/C_0603_1608Metric.wrl
      (at (xyz 0 0 0))
      (scale (xyz 1 1 1))
      (rotate (xyz 0 0 0))
    )
  )

  (module Capacitor_SMD:C_0603_1608Metric_Pad1.05x0.95mm_HandSolder (layer F.Cu) (tedit 5B301BBE) (tstamp 5C40AE5A)
    (at 137.340601 44.504401)
    (descr "Capacitor SMD 0603 (1608 Metric), square (rectangular) end terminal, IPC_7351 nominal with elongated pad for handsoldering. (Body size source: http://www.tortai-tech.com/upload/download/2011102023233369053.pdf), generated with kicad-footprint-generator")
    (tags "capacitor handsolder")
    (path /5BB83F82/5BD2FC2A)
    (attr smd)
    (fp_text reference C17 (at 0 -1.43) (layer F.SilkS)
      (effects (font (size 1 1) (thickness 0.15)))
    )
    (fp_text value C104 (at 0 1.43) (layer F.Fab)
      (effects (font (size 1 1) (thickness 0.15)))
    )
    (fp_line (start -0.8 0.4) (end -0.8 -0.4) (layer F.Fab) (width 0.1))
    (fp_line (start -0.8 -0.4) (end 0.8 -0.4) (layer F.Fab) (width 0.1))
    (fp_line (start 0.8 -0.4) (end 0.8 0.4) (layer F.Fab) (width 0.1))
    (fp_line (start 0.8 0.4) (end -0.8 0.4) (layer F.Fab) (width 0.1))
    (fp_line (start -0.171267 -0.51) (end 0.171267 -0.51) (layer F.SilkS) (width 0.12))
    (fp_line (start -0.171267 0.51) (end 0.171267 0.51) (layer F.SilkS) (width 0.12))
    (fp_line (start -1.65 0.73) (end -1.65 -0.73) (layer F.CrtYd) (width 0.05))
    (fp_line (start -1.65 -0.73) (end 1.65 -0.73) (layer F.CrtYd) (width 0.05))
    (fp_line (start 1.65 -0.73) (end 1.65 0.73) (layer F.CrtYd) (width 0.05))
    (fp_line (start 1.65 0.73) (end -1.65 0.73) (layer F.CrtYd) (width 0.05))
    (fp_text user %R (at 0 0) (layer F.Fab)
      (effects (font (size 0.4 0.4) (thickness 0.06)))
    )
    (pad 1 smd roundrect (at -0.875 0) (size 1.05 0.95) (layers F.Cu F.Paste F.Mask) (roundrect_rratio 0.25)
      (net 48 VDD_SIM800C))
    (pad 2 smd roundrect (at 0.875 0) (size 1.05 0.95) (layers F.Cu F.Paste F.Mask) (roundrect_rratio 0.25)
      (net 54 "Net-(C16-Pad2)"))
    (model ${KISYS3DMOD}/Capacitor_SMD.3dshapes/C_0603_1608Metric.wrl
      (at (xyz 0 0 0))
      (scale (xyz 1 1 1))
      (rotate (xyz 0 0 0))
    )
  )

  (module Capacitor_SMD:C_0805_2012Metric_Pad1.15x1.40mm_HandSolder (layer F.Cu) (tedit 5B36C52B) (tstamp 5C40B5D4)
    (at 199.060601 16.494401)
    (descr "Capacitor SMD 0805 (2012 Metric), square (rectangular) end terminal, IPC_7351 nominal with elongated pad for handsoldering. (Body size source: https://docs.google.com/spreadsheets/d/1BsfQQcO9C6DZCsRaXUlFlo91Tg2WpOkGARC1WS5S8t0/edit?usp=sharing), generated with kicad-footprint-generator")
    (tags "capacitor handsolder")
    (path /5BB772CE/5BD6B32D)
    (attr smd)
    (fp_text reference C4 (at 0 -1.65) (layer F.SilkS)
      (effects (font (size 1 1) (thickness 0.15)))
    )
    (fp_text value C4.7pf (at 0 1.65) (layer F.Fab)
      (effects (font (size 1 1) (thickness 0.15)))
    )
    (fp_text user %R (at 0 0) (layer F.Fab)
      (effects (font (size 0.5 0.5) (thickness 0.08)))
    )
    (fp_line (start 1.85 0.95) (end -1.85 0.95) (layer F.CrtYd) (width 0.05))
    (fp_line (start 1.85 -0.95) (end 1.85 0.95) (layer F.CrtYd) (width 0.05))
    (fp_line (start -1.85 -0.95) (end 1.85 -0.95) (layer F.CrtYd) (width 0.05))
    (fp_line (start -1.85 0.95) (end -1.85 -0.95) (layer F.CrtYd) (width 0.05))
    (fp_line (start -0.261252 0.71) (end 0.261252 0.71) (layer F.SilkS) (width 0.12))
    (fp_line (start -0.261252 -0.71) (end 0.261252 -0.71) (layer F.SilkS) (width 0.12))
    (fp_line (start 1 0.6) (end -1 0.6) (layer F.Fab) (width 0.1))
    (fp_line (start 1 -0.6) (end 1 0.6) (layer F.Fab) (width 0.1))
    (fp_line (start -1 -0.6) (end 1 -0.6) (layer F.Fab) (width 0.1))
    (fp_line (start -1 0.6) (end -1 -0.6) (layer F.Fab) (width 0.1))
    (pad 2 smd roundrect (at 1.025 0) (size 1.15 1.4) (layers F.Cu F.Paste F.Mask) (roundrect_rratio 0.217391)
      (net 1 GND))
    (pad 1 smd roundrect (at -1.025 0) (size 1.15 1.4) (layers F.Cu F.Paste F.Mask) (roundrect_rratio 0.217391)
      (net 118 "Net-(C4-Pad1)"))
    (model ${KISYS3DMOD}/Capacitor_SMD.3dshapes/C_0805_2012Metric.wrl
      (at (xyz 0 0 0))
      (scale (xyz 1 1 1))
      (rotate (xyz 0 0 0))
    )
  )

  (module Capacitor_SMD:C_0805_2012Metric_Pad1.15x1.40mm_HandSolder (layer F.Cu) (tedit 5B36C52B) (tstamp 5C40A7EE)
    (at 186.910601 26.744401)
    (descr "Capacitor SMD 0805 (2012 Metric), square (rectangular) end terminal, IPC_7351 nominal with elongated pad for handsoldering. (Body size source: https://docs.google.com/spreadsheets/d/1BsfQQcO9C6DZCsRaXUlFlo91Tg2WpOkGARC1WS5S8t0/edit?usp=sharing), generated with kicad-footprint-generator")
    (tags "capacitor handsolder")
    (path /5BB772CE/5BC7D6D7)
    (attr smd)
    (fp_text reference C5 (at 0 -1.65) (layer F.SilkS)
      (effects (font (size 1 1) (thickness 0.15)))
    )
    (fp_text value C104 (at 0 1.65) (layer F.Fab)
      (effects (font (size 1 1) (thickness 0.15)))
    )
    (fp_line (start -1 0.6) (end -1 -0.6) (layer F.Fab) (width 0.1))
    (fp_line (start -1 -0.6) (end 1 -0.6) (layer F.Fab) (width 0.1))
    (fp_line (start 1 -0.6) (end 1 0.6) (layer F.Fab) (width 0.1))
    (fp_line (start 1 0.6) (end -1 0.6) (layer F.Fab) (width 0.1))
    (fp_line (start -0.261252 -0.71) (end 0.261252 -0.71) (layer F.SilkS) (width 0.12))
    (fp_line (start -0.261252 0.71) (end 0.261252 0.71) (layer F.SilkS) (width 0.12))
    (fp_line (start -1.85 0.95) (end -1.85 -0.95) (layer F.CrtYd) (width 0.05))
    (fp_line (start -1.85 -0.95) (end 1.85 -0.95) (layer F.CrtYd) (width 0.05))
    (fp_line (start 1.85 -0.95) (end 1.85 0.95) (layer F.CrtYd) (width 0.05))
    (fp_line (start 1.85 0.95) (end -1.85 0.95) (layer F.CrtYd) (width 0.05))
    (fp_text user %R (at 0 0) (layer F.Fab)
      (effects (font (size 0.5 0.5) (thickness 0.08)))
    )
